Source: Ecoli_processed_genome_paths.txt
0 536
1 APECO1
2 CFT073
3 E234869
4 ED1a
5 IAI39
6 S88
7 SMS35
8 UTI89
      1      0   0.65  0.465  0.005  0.115  0.005  0.105  0.005
      0      1  0.005      0  0.535   0.16  0.725   0.19  0.845
   0.65  0.005      1  0.485  0.005  0.105  0.005    0.1   0.01
  0.465      0  0.485      1      0  0.085      0  0.095      0
  0.005  0.535  0.005      0      1  0.175   0.52   0.18   0.53
  0.115   0.16  0.105  0.085  0.175      1  0.165  0.355  0.145
  0.005  0.725  0.005      0   0.52  0.165      1   0.19   0.73
  0.105   0.19    0.1  0.095   0.18  0.355   0.19      1  0.185
  0.005  0.845   0.01      0   0.53  0.145   0.73  0.185      1
